[cosmological_parameters]
omega_m      =  0.1 0.3166 0.9
h0           =  0.55 0.6727 0.91
omega_b      =  0.03 0.0494116 0.07
n_s          =  0.87 0.9649 1.07
A_s          =  0.5e-9 2.101e-9 5.0e-9
w            =  -1.0

; Old parameter names from original cosmosis version
; omnuh2       =  0.0006  0.00083 0.00644
; massive_nu   =  3
; massless_nu  =  0.046

; New parametrization and names:
;mnu = 0.06  0.0773   0.6
mnu = 0.06
num_massive_neutrinos = 1
nnu = 3.046

omega_k      =  0.0
tau          =  0.0544

[shear_calibration_parameters]
m1 = -0.1  0.0  0.1
m2 = -0.1  0.0  0.1
m3 = -0.1  0.0  0.1
m4 = -0.1  0.0  0.1

[wl_photoz_errors]
bias_1 = -0.1   0.0   0.1
bias_2 = -0.1   0.0   0.1
bias_3 = -0.1   0.0   0.1
bias_4 = -0.1   0.0   0.1

[intrinsic_alignment_parameters]
A = -5. 0.0 5.0
alpha = -5. 0. 5.
z0 = 0.62

[lens_photoz_errors]
bias_1 = -0.05  0.0  0.05
bias_2 = -0.05  0.0  0.05
bias_3 = -0.05  0.0  0.05
bias_4 = -0.05  0.0  0.05
bias_5 = 0.0
bias_6 = 0.0
width_1 = 0.1 1.0 1.9
width_2 = 0.1 1.0 1.9
width_3 = 0.1 1.0 1.9
width_4 = 0.1 1.0 1.9
width_5 = 1.0
width_6 = 1.0

[bias_lens]
b1 = 1.0
b2 = 1.0
b3 = 1.0
b4 = 1.0
b5 = 1.0
b6 = 1.0

[J_bin_bias]
Jhat1 = 0.1  0.34809782   0.6
Jhat2 = 0.1  0.37706263   0.6
Jhat3 = 0.15  0.39029051   0.65
Jhat4 = 0.15  0.39378215    0.65
Jhat5 = 0.39186187
Jhat6 = 0.38805592

[b_bin_bias]
bhat1 = 0.1  1.0418395   2.0
bhat2 = 0.1  1.14332584   2.0
bhat3 = 0.1  1.05551404   2.0
bhat4 = 0.1  1.03908743    2.0
bhat5 = 1.18540172
bhat6 = 1.13384482

[mag_alpha_lens]
alpha_1 = 1.21
alpha_2 = 1.15
alpha_3 = 1.88 
alpha_4 = 1.97 
alpha_5 = 1.78
alpha_6 = 2.48
